00000000000011110000000000000000

00000000000111111100000000000000

00000000011111111110000000000000

00000011111111111111000000000000

00000011111110111111000000000000

00000111111100000111100000000000

00000111111100000001110000000000

00000111111100000001111000000000

00000111111100000000111000000000

00000111111100000000111000000000

00000111111000000000111100000000

00000111111000000000011100000000

00000111111000000000011100000000

00000011111100000000001110000000

00000011111100000000001110000000

00000011111100000000001110000000

00000011111100000000001110000000

00000111111100000000011110000000

00000111101100000000011110000000

00000111100000000000111100000000

00000011110000000000011110000000

00000011110000000000111110000000

00000011110000000001111100000000

00000011110000000011111000000000

00000001110000001111110000000000

00000001111000111111100000000000

00000001111111111111100000000000

00000000111111111111100000000000

00000000111111111111000000000000

00000000011111111100000000000000

00000000001111100000000000000000

0000000000011000000000000000000